Female Results for Full Covariance with 5 Clusters:
Confusion Matrix:
[[210.   0.   0.   1.   0.   0.   4.   5.   0.   0.]
 [  0. 209.   1.   2.   0.   1.   1.   6.   0.   0.]
 [  0.   0. 174.   2.   0.  10.  19.  10.   4.   1.]
 [  6.   6.   2. 174.   0.   1.   4.  27.   0.   0.]
 [  0.   1.   0.   0. 191.   1.   1.  25.   0.   1.]
 [  0.   0.   0.   0.   0. 198.   7.  10.   1.   4.]
 [  9.   0.   0.   0.   0.   0. 209.   1.   0.   1.]
 [  9.   0.   0.   0.  38.  12.   0. 159.   0.   2.]
 [  9.   0.  17.   1.   0.   2.   3.   1. 187.   0.]
 [  0.   0.   0.   1.   0.   6.  21.  14.   0. 178.]]
Accuracy Per Digit:
    Digit 0: 0.9545454545454546
    Digit 1: 0.95
    Digit 2: 0.7909090909090909
    Digit 3: 0.7909090909090909
    Digit 4: 0.8681818181818182
    Digit 5: 0.9
    Digit 6: 0.95
    Digit 7: 0.7227272727272728
    Digit 8: 0.85
    Digit 9: 0.8090909090909091
Total Accuracy: 0.8586363636363636

Female Results for Full Covariance with Clusters = Phonemes:
Confusion Matrix:
[[204.   0.   0.   1.   0.   0.   5.   4.   0.   6.]
 [  0. 214.   0.   0.   0.   1.   1.   3.   0.   1.]
 [  3.   3. 124.   7.   0.  24.  44.   9.   4.   2.]
 [ 27.   9.  11.  78.   0.   2.  35.  36.   1.  21.]
 [  2.   1.   0.   2. 111.  10.   2.  83.   0.   9.]
 [  4.   0.   0.   0.   0. 192.   3.   8.   0.  13.]
 [ 10.   0.   0.   0.   0.   0. 202.   0.   0.   8.]
 [ 15.   0.   0.   0.  35.   6.   0. 156.   1.   7.]
 [ 11.   6.   5.   6.   0.   2.   5.   6. 176.   3.]
 [  0.   0.   0.   1.   0.   2.  19.   3.   0. 195.]]
Accuracy Per Digit:
    Digit 0: 0.9272727272727272
    Digit 1: 0.9727272727272728
    Digit 2: 0.5636363636363636
    Digit 3: 0.35454545454545455
    Digit 4: 0.5045454545454545
    Digit 5: 0.8727272727272727
    Digit 6: 0.9181818181818182
    Digit 7: 0.7090909090909091
    Digit 8: 0.8
    Digit 9: 0.8863636363636364
Total Accuracy: 0.7509090909090909

Female Results for Full Covariance with Clusters = Phonemes + Transitions:
Confusion Matrix:
[[213.   0.   0.   0.   0.   0.   4.   2.   0.   1.]
 [  0. 213.   0.   2.   0.   1.   1.   2.   0.   1.]
 [  3.   7.  92.   1.   0.  31.  74.   7.   1.   4.]
 [ 32.  11.   1.  97.   0.   1.  22.  49.   1.   6.]
 [  1.   0.   0.   0. 145.  10.   0.  48.   0.  16.]
 [  2.   0.   0.   0.   0. 205.   3.   4.   0.   6.]
 [  9.   0.   0.   0.   0.   0. 209.   0.   0.   2.]
 [  7.   0.   0.   0.  22.  15.   2. 158.   0.  16.]
 [ 13.  19.   4.   3.   0.   3.  10.   1. 156.  11.]
 [  1.   0.   0.   0.   0.  13.  10.   3.   0. 193.]]
Accuracy Per Digit:
    Digit 0: 0.9681818181818181
    Digit 1: 0.9681818181818181
    Digit 2: 0.41818181818181815
    Digit 3: 0.4409090909090909
    Digit 4: 0.6590909090909091
    Digit 5: 0.9318181818181818
    Digit 6: 0.95
    Digit 7: 0.7181818181818181
    Digit 8: 0.7090909090909091
    Digit 9: 0.8772727272727273
Total Accuracy: 0.764090909090909