EM Results for 5 Clusters:
Confusion Matrix:
[[204.   0.   0.   0.   0.   0.   5.  10.   0.   1.]
 [  3. 209.   0.   0.   0.   1.   1.   6.   0.   0.]
 [  1.   1. 185.   0.   0.   5.  14.   8.   5.   1.]
 [  8.   2.   1. 189.   0.   0.   1.  18.   1.   0.]
 [ 11.   1.   0.   0. 199.   0.   0.   9.   0.   0.]
 [  0.   0.   0.   0.   0. 198.   6.  14.   1.   1.]
 [ 11.   0.   0.   0.   0.   0. 207.   1.   0.   1.]
 [  8.   0.   0.   0.  21.   9.   0. 180.   0.   2.]
 [ 27.   0.   7.   0.   0.   0.   0.   2. 184.   0.]
 [  0.   0.   0.   1.   0.   8.   5.   9.   0. 197.]]
Accuracy Per Digit:
    Digit 0: 0.9272727272727272
    Digit 1: 0.95
    Digit 2: 0.8409090909090909
    Digit 3: 0.8590909090909091
    Digit 4: 0.9045454545454545
    Digit 5: 0.9
    Digit 6: 0.9409090909090909
    Digit 7: 0.8181818181818182
    Digit 8: 0.8363636363636363
    Digit 9: 0.8954545454545455
Total Accuracy: 0.8872727272727273

EM Results for Clusters = Phonemes:
Confusion Matrix:
[[201.   0.   0.   2.   0.   0.   9.   6.   0.   2.]
 [  4. 205.   1.   0.   2.   1.   1.   2.   4.   0.]
 [ 11.   4. 146.  24.   0.   8.  18.   0.   7.   2.]
 [ 25.   1.  10. 109.   2.   7.   7.  56.   2.   1.]
 [ 10.   1.   0.   2. 146.  10.   0.  46.   0.   5.]
 [  0.   0.   0.   2.   0. 198.   2.  12.   0.   6.]
 [  9.   0.   0.   0.   0.   0. 203.   0.   0.   8.]
 [  9.   0.   0.   0.   7.  10.   0. 183.   1.  10.]
 [ 40.  13.   6.   1.   0.   0.   0.   0. 155.   5.]
 [  0.   0.   3.   0.   0.   4.   3.   1.   0. 209.]]
Accuracy Per Digit:
    Digit 0: 0.9136363636363637
    Digit 1: 0.9318181818181818
    Digit 2: 0.6636363636363637
    Digit 3: 0.4954545454545455
    Digit 4: 0.6636363636363637
    Digit 5: 0.9
    Digit 6: 0.9227272727272727
    Digit 7: 0.8318181818181818
    Digit 8: 0.7045454545454546
    Digit 9: 0.95
Total Accuracy: 0.7977272727272727

EM Results for Clusters = Phonemes + Transitions:
Confusion Matrix:
[[197.   0.   0.   1.   0.   0.   8.   9.   0.   5.]
 [  3. 208.   0.   3.   0.   0.   0.   5.   0.   1.]
 [ 17.   3. 143.   0.   0.  16.  23.   1.   5.  12.]
 [ 33.  13.   5. 115.   0.   1.   4.  34.   5.  10.]
 [ 18.   1.   0.   0.  82.  15.   0.  97.   0.   7.]
 [  0.   0.   0.   0.   0. 197.   1.  12.   0.  10.]
 [  7.   0.   0.   0.   0.   0. 206.   1.   0.   6.]
 [ 10.   0.   0.   0.   7.   5.   1. 178.   0.  19.]
 [ 30.   0.   2.   0.   0.   0.   0.   7. 172.   9.]
 [  2.   0.   0.   0.   0.   0.   7.   2.   0. 209.]]
Accuracy Per Digit:
    Digit 0: 0.8954545454545455
    Digit 1: 0.9454545454545454
    Digit 2: 0.65
    Digit 3: 0.5227272727272727
    Digit 4: 0.37272727272727274
    Digit 5: 0.8954545454545455
    Digit 6: 0.9363636363636364
    Digit 7: 0.8090909090909091
    Digit 8: 0.7818181818181819
    Digit 9: 0.95
Total Accuracy: 0.7759090909090909