Results for Diag Covariance with 5 Clusters:
Confusion Matrix:
[[207.   0.   0.   3.   0.   0.   4.   5.   0.   1.]
 [  6. 205.   1.   1.   0.   0.   2.   5.   0.   0.]
 [ 24.   0. 163.   0.   0.  14.  12.   2.   5.   0.]
 [ 15.   2.   3. 178.   0.   0.   1.  20.   1.   0.]
 [ 14.   1.   0.   0. 173.   0.   0.  29.   0.   3.]
 [  6.   2.   0.   0.   1. 195.   5.   3.   0.   8.]
 [ 26.   0.   0.   2.   0.   0. 191.   0.   0.   1.]
 [ 12.   0.   0.   1.  24.   8.   0. 172.   0.   3.]
 [ 47.   0.  23.   0.   0.   0.   1.   0. 149.   0.]
 [  0.   0.   0.   0.   0.   3.   8.   5.   0. 204.]]
Accuracy Per Digit:
    Digit 0: 0.9409090909090909
    Digit 1: 0.9318181818181818
    Digit 2: 0.740909090909091
    Digit 3: 0.8090909090909091
    Digit 4: 0.7863636363636364
    Digit 5: 0.8863636363636364
    Digit 6: 0.8681818181818182
    Digit 7: 0.7818181818181819
    Digit 8: 0.6772727272727272
    Digit 9: 0.9272727272727272
Total Accuracy: 0.835

Results for Diag Covariance with Clusters = Phonemes:
Confusion Matrix:
[[202.   0.   0.   2.   1.   0.   7.   5.   0.   3.]
 [  6. 208.   1.   0.   0.   0.   1.   4.   0.   0.]
 [ 40.   2.  77.  16.   0.  17.  60.   4.   3.   1.]
 [ 36.  17.   3. 113.   1.   0.   1.  47.   2.   0.]
 [ 14.   1.   0.   0. 110.   0.   0.  95.   0.   0.]
 [  4.   2.   0.   0.   0. 178.   4.  18.   0.  14.]
 [ 37.   0.   0.   5.   0.   0. 177.   0.   0.   1.]
 [ 12.   0.   0.   0.   5.   6.   0. 196.   0.   1.]
 [ 64.   4.  22.  12.   0.   0.   0.   0. 112.   6.]
 [  0.   0.   0.   4.   0.   0.   5.   9.   0. 202.]]
Accuracy Per Digit:
    Digit 0: 0.9181818181818182
    Digit 1: 0.9454545454545454
    Digit 2: 0.35
    Digit 3: 0.5136363636363637
    Digit 4: 0.5
    Digit 5: 0.8090909090909091
    Digit 6: 0.8045454545454546
    Digit 7: 0.8909090909090909
    Digit 8: 0.509090909090909
    Digit 9: 0.9181818181818182
Total Accuracy: 0.7159090909090909

Results for Diag Covariance with Clusters = Phonemes + Transitions:
Confusion Matrix:
[[210.   0.   0.   0.   0.   0.   3.   5.   0.   2.]
 [  6. 210.   0.   0.   0.   2.   1.   1.   0.   0.]
 [ 29.   2. 145.   0.   0.  16.  16.   0.  12.   0.]
 [ 26.  28.  14. 108.   0.   3.   6.  28.   5.   2.]
 [ 15.   1.   0.   6.  14.   7.   0. 161.   0.  16.]
 [  2.   0.   0.   0.   0. 200.   5.   3.   0.  10.]
 [ 30.   0.   0.   1.   0.   0. 188.   0.   0.   1.]
 [ 12.   0.   0.   0.   0.  16.   0. 185.   0.   7.]
 [ 40.   0.  15.   0.   0.   1.   0.   0. 163.   1.]
 [  0.   0.   0.   0.   0.   5.   1.   1.   0. 213.]]
Accuracy Per Digit:
    Digit 0: 0.9545454545454546
    Digit 1: 0.9545454545454546
    Digit 2: 0.6590909090909091
    Digit 3: 0.4909090909090909
    Digit 4: 0.06363636363636363
    Digit 5: 0.9090909090909091
    Digit 6: 0.8545454545454545
    Digit 7: 0.8409090909090909
    Digit 8: 0.740909090909091
    Digit 9: 0.9681818181818181
Total Accuracy: 0.7436363636363637