Results for Full Covariance with 5 Clusters:
Confusion Matrix:
[[206.   0.   0.   0.   0.   0.   5.   8.   0.   1.]
 [  3. 208.   0.   0.   0.   1.   1.   7.   0.   0.]
 [  1.   1. 181.   1.   0.   8.  15.   6.   6.   1.]
 [  8.   1.   0. 189.   0.   1.   2.  18.   1.   0.]
 [ 10.   1.   0.   0. 186.   1.   0.  21.   0.   1.]
 [  0.   0.   0.   0.   0. 199.   6.  12.   2.   1.]
 [ 10.   0.   0.   0.   0.   0. 209.   1.   0.   0.]
 [  8.   0.   0.   1.  27.  10.   1. 171.   0.   2.]
 [ 26.   0.   8.   1.   0.   0.   0.   1. 184.   0.]
 [  0.   0.   0.   1.   0.   7.  13.  10.   0. 189.]]
Accuracy Per Digit:
    Digit 0: 0.9363636363636364
    Digit 1: 0.9454545454545454
    Digit 2: 0.8227272727272728
    Digit 3: 0.8590909090909091
    Digit 4: 0.8454545454545455
    Digit 5: 0.9045454545454545
    Digit 6: 0.95
    Digit 7: 0.7772727272727272
    Digit 8: 0.8363636363636363
    Digit 9: 0.8590909090909091
Total Accuracy: 0.8736363636363637

Results for Full Covariance with Clusters = Phonemes:
Confusion Matrix:
[[205.   0.   0.   1.   0.   0.   3.   7.   0.   4.]
 [  4. 206.   1.   0.   2.   1.   1.   4.   1.   0.]
 [ 11.   4. 131.  17.   0.  11.  37.   1.   7.   1.]
 [ 25.  12.   6. 108.   2.   2.   6.  54.   4.   1.]
 [ 10.   1.   0.   0. 120.   2.   0.  71.   0.  16.]
 [  0.   0.   0.   2.   0. 195.   3.  14.   0.   6.]
 [  8.   0.   0.   0.   0.   0. 204.   0.   0.   8.]
 [  9.   0.   0.   0.   3.   8.   1. 188.   1.  10.]
 [ 39.  13.   9.   0.   0.   0.   0.   1. 147.  11.]
 [  0.   0.   1.   0.   0.   3.   7.   1.   0. 208.]]
Accuracy Per Digit:
    Digit 0: 0.9318181818181818
    Digit 1: 0.9363636363636364
    Digit 2: 0.5954545454545455
    Digit 3: 0.4909090909090909
    Digit 4: 0.5454545454545454
    Digit 5: 0.8863636363636364
    Digit 6: 0.9272727272727272
    Digit 7: 0.8545454545454545
    Digit 9: 0.9454545454545454
Total Accuracy: 0.7781818181818182

Results for Full Covariance with Clusters = Phonemes + Transitions:
Confusion Matrix:
[[197.   0.   0.   1.   0.   0.   7.   9.   0.   6.]
 [  3. 208.   0.   0.   0.   0.   0.   7.   0.   2.]
 [ 15.   3. 123.   0.   0.  18.  42.   3.   4.  12.]
 [ 30.  26.   4. 101.   0.   1.   9.  36.   5.   8.]
 [ 10.   2.   0.   7.  51.   5.   0. 129.   0.  16.]
 [  0.   0.   0.   0.   0. 199.   1.   8.   0.  12.]
 [  7.   0.   0.   0.   0.   0. 208.   1.   0.   4.]
 [ 10.   0.   0.   0.   4.   9.   1. 178.   0.  18.]
 [ 30.   1.   3.   0.   0.   0.   0.   8. 168.  10.]
 [  2.   0.   0.   0.   0.   1.   8.   2.   0. 207.]]
Accuracy Per Digit:
    Digit 0: 0.8954545454545455
    Digit 1: 0.9454545454545454
    Digit 2: 0.5590909090909091
    Digit 3: 0.4590909090909091
    Digit 4: 0.2318181818181818
    Digit 5: 0.9045454545454545
    Digit 6: 0.9454545454545454
    Digit 7: 0.8090909090909091
    Digit 8: 0.7636363636363637
Total Accuracy: 0.7454545454545455