Male Results for Full Covariance with 5 Clusters:
Confusion Matrix:
[[108.   0.   0.   0.   0.   0.   1.   0.   0.   1.]
 [  0. 110.   0.   0.   0.   0.   0.   0.   0.   0.]
 [  3.   0.  92.   2.   0.   0.  12.   0.   1.   0.]
 [  8.   0.   0.  96.   0.   0.   1.   5.   0.   0.]
 [  0.   0.   0.   0. 101.   0.   0.   9.   0.   0.]
 [  0.   0.   0.   0.   0. 106.   0.   1.   0.   3.]
 [  0.   0.   0.   0.   0.   0. 110.   0.   0.   0.]
 [  0.   0.   0.   0.  24.   1.   1.  83.   0.   1.]
 [  6.   0.   0.   0.   0.   0.   0.   0. 103.   1.]
 [  0.   0.   0.   0.   0.   0.   7.  10.   0.  93.]]
Accuracy Per Digit:
    Digit 0: 0.9818181818181818
    Digit 1: 1.0
    Digit 2: 0.8363636363636363
    Digit 3: 0.8727272727272727
    Digit 4: 0.9181818181818182
    Digit 5: 0.9636363636363636
    Digit 6: 1.0
    Digit 7: 0.7545454545454545
    Digit 8: 0.9363636363636364
    Digit 9: 0.8454545454545455
Total Accuracy: 0.9109090909090909

Male Results for Full Covariance with Clusters = Phonemes:
Confusion Matrix:
[[107.   0.   0.   0.   0.   1.   1.   0.   0.   1.]
 [  0. 110.   0.   0.   0.   0.   0.   0.   0.   0.]
 [  3.   0.  90.   0.   0.   1.  15.   0.   1.   0.]
 [ 30.   0.   9.  39.   0.   3.  13.  16.   0.   0.]
 [  0.   0.   0.   0.  57.   3.   0.  49.   0.   1.]
 [  0.   0.   0.   0.   0. 108.   0.   2.   0.   0.]
 [  0.   0.   0.   0.   0.   1. 108.   1.   0.   0.]
 [  0.   0.   0.   0.  18.   1.   1.  90.   0.   0.]
 [  9.   0.   0.   0.   0.   0.   0.   0.  96.   5.]
 [  0.   0.   0.   0.   0.   4.  15.  16.   0.  75.]]
Accuracy Per Digit:
    Digit 0: 0.9727272727272728
    Digit 1: 1.0
    Digit 2: 0.8181818181818182
    Digit 3: 0.35454545454545455
    Digit 4: 0.5181818181818182
    Digit 5: 0.9818181818181818
    Digit 6: 0.9818181818181818
    Digit 7: 0.8181818181818182
    Digit 8: 0.8727272727272727
    Digit 9: 0.6818181818181818
Total Accuracy: 0.8

Male Results for Full Covariance with Clusters = Phonemes + Transitions:
Confusion Matrix:
[[108.   0.   0.   0.   0.   0.   1.   0.   0.   1.]
 [  0. 110.   0.   0.   0.   0.   0.   0.   0.   0.]
 [  5.   1.  59.   0.   0.   2.  36.   0.   3.   4.]
 [ 20.   0.   2.  62.   0.   4.   9.   9.   0.   4.]
 [  0.   0.   0.   0.  87.   4.   0.  18.   0.   1.]
 [  0.   0.   0.   0.   0. 108.   0.   1.   0.   1.]
 [  0.   0.   0.   0.   0.   0. 109.   0.   0.   1.]
 [  0.   0.   0.   0.  16.   0.   3.  88.   0.   3.]
 [ 12.   0.   2.   0.   0.   1.   0.   0.  92.   3.]
 [  0.   0.   0.   0.   0.   3.  10.   2.   0.  95.]]
Accuracy Per Digit:
    Digit 0: 0.9818181818181818
    Digit 1: 1.0
    Digit 2: 0.5363636363636364
    Digit 3: 0.5636363636363636
    Digit 4: 0.7909090909090909
    Digit 5: 0.9818181818181818
    Digit 6: 0.990909090909091
    Digit 7: 0.8
    Digit 8: 0.8363636363636363
    Digit 9: 0.8636363636363636
Total Accuracy: 0.8345454545454546