Male Results for Full Covariance with 5 Clusters:
Confusion Matrix:
[[104.   0.   0.   0.   0.   0.   3.   3.   0.   0.]
 [  2. 102.   0.   0.   0.   0.   0.   6.   0.   0.]
 [  9.   7.  62.   5.   0.   4.   8.   3.   7.   5.]
 [  6.   3.   0.  85.   0.   0.   0.  15.   1.   0.]
 [  9.   1.   0.   0.  98.   0.   0.   2.   0.   0.]
 [  1.   0.   0.   1.   0.  93.   1.   2.   0.  12.]
 [ 11.   0.   0.   0.   0.   1.  96.   1.   0.   1.]
 [  9.   0.   0.   1.   0.   6.   0.  93.   0.   1.]
 [ 20.   0.   8.   1.   0.   0.   0.  10.  69.   2.]
 [  0.   0.   0.   2.   0.   1.   2.   6.   0.  99.]]
Accuracy Per Digit:
    Digit 0: 0.9454545454545454
    Digit 1: 0.9272727272727272
    Digit 2: 0.5636363636363636
    Digit 3: 0.7727272727272727
    Digit 4: 0.8909090909090909
    Digit 5: 0.8454545454545455
    Digit 6: 0.8727272727272727
    Digit 7: 0.8454545454545455
    Digit 8: 0.6272727272727273
    Digit 9: 0.9
Total Accuracy: 0.8190909090909091

Male Results for Full Covariance with Clusters = Phonemes:
Confusion Matrix:
[[102.   0.   0.   0.   0.   0.   2.   6.   0.   0.]
 [  0. 106.   0.   0.   0.   0.   0.   4.   0.   0.]
 [ 12.  10.  34.   2.   0.   9.  27.   6.   2.   8.]
 [ 11.  29.   0.  18.   0.   1.   8.  35.   4.   4.]
 [ 12.   1.   0.   0.  45.   2.   0.  33.   0.  17.]
 [  0.   0.   0.   0.   0.  96.   1.   3.   0.  10.]
 [  8.   0.   0.   0.   0.   1.  97.   1.   0.   3.]
 [  9.   0.   0.   1.   0.   2.   0.  75.   0.  23.]
 [ 21.  17.   1.   0.   0.   0.   0.   9.  59.   3.]
 [  0.   0.   0.   0.   0.   2.   4.   0.   0. 104.]]
Accuracy Per Digit:
    Digit 0: 0.9272727272727272
    Digit 1: 0.9636363636363636
    Digit 2: 0.3090909090909091
    Digit 3: 0.16363636363636364
    Digit 4: 0.4090909090909091
    Digit 5: 0.8727272727272727
    Digit 6: 0.8818181818181818
    Digit 7: 0.6818181818181818
    Digit 8: 0.5363636363636364
    Digit 9: 0.9454545454545454
Total Accuracy: 0.6690909090909091

Male Results for Full Covariance with Clusters = Phonemes + Transitions:
Confusion Matrix:
[[100.   0.   0.   0.   0.   0.   4.   4.   0.   2.]
 [  0. 104.   0.   0.   0.   0.   0.   3.   0.   3.]
 [  9.  22.  45.   0.   0.   4.  20.   0.   1.   9.]
 [ 18.  18.   1.  27.   0.   1.   4.  30.   1.  10.]
 [ 12.   1.   0.   0.  23.   8.   0.  48.   0.  18.]
 [  0.   0.   0.   0.   0.  94.   1.   1.   0.  14.]
 [  3.   0.   0.   0.   0.   0. 105.   0.   0.   2.]
 [ 11.   0.   0.   0.   0.   7.   0.  74.   0.  18.]
 [ 21.  17.   6.   0.   0.   0.   0.   9.  54.   3.]
 [  0.   0.   0.   0.   0.   0.   2.   0.   0. 108.]]
Accuracy Per Digit:
    Digit 0: 0.9090909090909091
    Digit 1: 0.9454545454545454
    Digit 2: 0.4090909090909091
    Digit 3: 0.24545454545454545
    Digit 4: 0.20909090909090908
    Digit 5: 0.8545454545454545
    Digit 6: 0.9545454545454546
    Digit 7: 0.6727272727272727
    Digit 8: 0.4909090909090909
    Digit 9: 0.9818181818181818
Total Accuracy: 0.6672727272727272