Female Results for Full Covariance with 5 Clusters:
Confusion Matrix:
[[178.   0.   0.   4.   0.   0.  24.  10.   0.   4.]
 [  2. 203.   1.   1.   2.   2.   2.   5.   2.   0.]
 [  2.   3. 154.  15.   0.  11.  25.   8.   1.   1.]
 [  4.   0.  14. 156.   2.   3.   3.  38.   0.   0.]
 [  3.   6.   0.   1. 162.   0.   0.  48.   0.   0.]
 [  3.   0.   0.   1.   2. 190.   5.  10.   0.   9.]
 [  8.   0.   0.   0.   0.   2. 209.   1.   0.   0.]
 [  4.   3.   1.   0.  50.  11.   8. 138.   0.   5.]
 [  0.   8.  22.   0.   0.   4.   7.   3. 174.   2.]
 [ 10.   0.   1.   2.   0.   5.  11.  22.   0. 169.]]
Accuracy Per Digit:
    Digit 0: 0.8090909090909091
    Digit 1: 0.9227272727272727
    Digit 2: 0.7
    Digit 3: 0.7090909090909091
    Digit 4: 0.7363636363636363
    Digit 5: 0.8636363636363636
    Digit 6: 0.95
    Digit 7: 0.6272727272727273
    Digit 8: 0.7909090909090909
    Digit 9: 0.7681818181818182
Total Accuracy: 0.7877272727272727

Female Results for Full Covariance with Clusters = Phonemes:
Confusion Matrix:
[[192.   0.   0.   5.   0.   1.  12.   1.   0.   9.]
 [  0. 208.   0.   2.   0.   2.   2.   5.   1.   0.]
 [  4.   2.  83.  44.   0.  38.  39.  10.   0.   0.]
 [ 14.   2.   1. 166.   2.   1.   4.  30.   0.   0.]
 [  0.   7.   0.   1. 164.   0.   0.  38.   0.  10.]
 [  4.   0.   0.   2.   3. 181.   4.  13.   0.  13.]
 [ 11.   0.   0.   0.   0.   3. 206.   0.   0.   0.]
 [ 12.   1.   0.   0.  44.  12.   0. 135.   0.  16.]
 [  5.   3.   9.  25.   0.  10.  10.   4. 144.  10.]
 [  9.   0.   0.   0.   1.   4.   8.   6.   0. 192.]]
Accuracy Per Digit:
    Digit 0: 0.8727272727272727
    Digit 1: 0.9454545454545454
    Digit 2: 0.37727272727272726
    Digit 3: 0.7545454545454545
    Digit 4: 0.7454545454545455
    Digit 5: 0.8227272727272728
    Digit 6: 0.9363636363636364
    Digit 7: 0.6136363636363636
    Digit 8: 0.6545454545454545
    Digit 9: 0.8727272727272727
Total Accuracy: 0.7595454545454545

Female Results for Full Covariance with Clusters = Phonemes + Transitions:
Confusion Matrix:
[[198.   0.   0.   0.   0.   0.   8.  10.   0.   4.]
 [  1. 210.   0.   0.   2.   0.   2.   5.   0.   0.]
 [ 12.   3. 149.   0.   0.  10.  28.   6.   0.  12.]
 [ 67.   7.  29.   5.   0.   6.  34.  67.   0.   5.]
 [  5.  12.   0.   0.  74.  20.   0.  96.   0.  13.]
 [  2.   0.   0.   0.   2. 185.   4.   9.   0.  18.]
 [ 12.   0.   0.   0.   0.   2. 199.   6.   0.   1.]
 [ 11.   3.   1.   0.  22.  14.   1. 155.   3.  10.]
 [  0.   9.  31.   0.   0.   0.   1.   2. 170.   7.]
 [ 10.   0.   0.   0.   0.   4.   2.  13.   0. 191.]]
Accuracy Per Digit:
    Digit 0: 0.9
    Digit 1: 0.9545454545454546
    Digit 2: 0.6772727272727272
    Digit 3: 0.022727272727272728
    Digit 4: 0.33636363636363636
    Digit 5: 0.8409090909090909
    Digit 6: 0.9045454545454545
    Digit 7: 0.7045454545454546
    Digit 8: 0.7727272727272727
    Digit 9: 0.8681818181818182
Total Accuracy: 0.6981818181818182

R