Results for Spherical Covariance with 5 Clusters:
Confusion Matrix:
[[182.   0.   0.   1.   1.  18.   8.   9.   0.   1.]
 [ 19. 184.   1.   3.   0.   7.   0.   4.   1.   1.]
 [ 55.   3. 123.   0.   0.  11.  19.   0.   4.   5.]
 [ 65.   0.   4. 137.   1.   0.   0.  12.   0.   1.]
 [ 19.   3.   0.   7. 173.   0.   0.  13.   0.   5.]
 [ 21.   0.   0.   0.   5. 158.   8.  12.   0.  16.]
 [ 72.   0.   0.   0.   0.   5. 135.   0.   0.   8.]
 [ 29.   2.   0.   4.  39.   7.   1. 124.   2.  12.]
 [ 77.   0.  12.   0.   1.   1.   0.   0. 129.   0.]
 [  9.   0.   0.   0.   0.   5.  19.   8.   0. 179.]]
Accuracy Per Digit:
    Digit 0: 0.8272727272727273
    Digit 1: 0.8363636363636363
    Digit 2: 0.5590909090909091
    Digit 3: 0.6227272727272727
    Digit 4: 0.7863636363636364
    Digit 5: 0.7181818181818181
    Digit 6: 0.6136363636363636
    Digit 7: 0.5636363636363636
    Digit 8: 0.5863636363636363
    Digit 9: 0.8136363636363636
Total Accuracy: 0.6927272727272727

Results for Spherical Covariance with Clusters = Phonemes:
Confusion Matrix:
[[161.   1.   0.   3.   1.   8.  14.  27.   0.   5.]
 [ 25. 182.   1.   0.   0.   5.   1.   6.   0.   0.]
 [ 71.   1.  77.  21.   0.  10.  36.   0.   3.   1.]
 [ 92.   1.  10.  91.   2.   0.   0.  24.   0.   0.]
 [ 22.   1.   0.   7.  94.   2.   0.  72.   0.  22.]
 [ 22.   0.   0.   0.   2. 160.   8.   5.   0.  23.]
 [110.   0.   0.   0.   0.   0.  97.   0.   0.  13.]
 [ 33.   0.   0.   4.   9.   4.   0. 141.   0.  29.]
 [124.   0.  12.   2.   0.   1.   0.   0.  81.   0.]
 [ 12.   0.   0.   3.   0.   5.   4.  21.   0. 175.]]
Accuracy Per Digit:
    Digit 0: 0.7318181818181818
    Digit 1: 0.8272727272727273
    Digit 2: 0.35
    Digit 3: 0.41363636363636364
    Digit 4: 0.42727272727272725
    Digit 5: 0.7272727272727273
    Digit 6: 0.4409090909090909
    Digit 7: 0.6409090909090909
    Digit 8: 0.36818181818181817
    Digit 9: 0.7954545454545454
Total Accuracy: 0.5722727272727273

Results for Spherical Covariance with Clusters = Phonemes + Transitions:
Confusion Matrix:
[[172.   0.   0.   2.   0.   4.  22.  11.   0.   9.]
 [ 15. 194.   0.   5.   0.   1.   0.   5.   0.   0.]
 [ 57.   0. 114.   1.   0.  15.  20.   4.   5.   4.]
 [ 64.   1.   1.  96.   0.   6.   0.  49.   0.   3.]
 [ 22.   0.   0.   9.   4.   7.   0. 161.   0.  17.]
 [ 11.   0.   0.   0.   0. 164.   5.  11.   0.  29.]
 [ 51.   0.   0.   1.   0.   0. 154.   1.   0.  13.]
 [ 28.   0.   0.   0.   1.  11.   0. 164.   2.  14.]
 [ 71.   0.   6.   0.   0.   5.   0.   6. 131.   1.]
 [  7.   0.   0.   0.   0.   6.   6.  12.   0. 189.]]
Accuracy Per Digit:
    Digit 0: 0.7818181818181819
    Digit 1: 0.8818181818181818
    Digit 2: 0.5181818181818182
    Digit 3: 0.43636363636363634
    Digit 4: 0.01818181818181818
    Digit 5: 0.7454545454545455
    Digit 6: 0.7
    Digit 7: 0.7454545454545455
    Digit 8: 0.5954545454545455
    Digit 9: 0.8590909090909091
Total Accuracy: 0.6281818181818182