Results for 5 Clusters:
Confusion Matrix:
[[173.   1.   0.  20.   1.   1.   4.   7.   0.  13.]
 [  1. 151.   1.  26.  15.   5.   0.   3.  15.   3.]
 [  3.   0. 131.  57.   3.   0.   1.   6.  16.   3.]
 [  2.   1.  19. 174.  14.   0.   0.   1.   8.   1.]
 [  0.   4.   1.  23. 182.   0.   0.  10.   0.   0.]
 [  9.   0.   0.   5.   6. 146.   0.  45.   0.   9.]
 [ 58.   0.   5.   7.   0.  14. 118.   0.   0.  18.]
 [ 16.   1.   0.   3.  88.   0.   0.  89.  10.  13.]
 [  0.   0.   7.   2.   0.   0.   0.   0. 211.   0.]
 [ 13.   0.   3.   6.  21.   1.   7.  46.   0. 123.]]
Accuracy Per Digit:
    Digit 0: 0.7863636363636364
    Digit 1: 0.6863636363636364
    Digit 2: 0.5954545454545455
    Digit 3: 0.7909090909090909
    Digit 4: 0.8272727272727273
    Digit 5: 0.6636363636363637
    Digit 6: 0.5363636363636364
    Digit 7: 0.40454545454545454
    Digit 8: 0.9590909090909091
    Digit 9: 0.5590909090909091
Total Accuracy: 0.6809090909090909

Results for Clusters = Phonemes:
Confusion Matrix:
[[183.   1.   0.  15.   1.   0.   3.   7.   0.  10.]
 [  1. 182.   0.  11.   8.   2.   1.  10.   2.   3.]
 [ 10.   2. 123.  17.   3.   5.   7.  11.  18.  24.]
 [ 15.  14.   7. 135.   9.   2.   1.  17.  15.   5.]
 [  0.   6.   0.  20. 150.   0.   0.  44.   0.   0.]
 [  8.   0.   0.   1.   5. 139.   0.  47.   0.  20.]
 [ 60.   0.   1.   5.   0.   6. 125.   0.   0.  23.]
 [ 18.   5.   0.   0.  61.   0.   0. 116.   5.  15.]
 [  0.   1.   3.   0.   0.   0.   1.   0. 214.   1.]
 [ 12.   0.   0.   1.   8.   1.   7.  42.   1. 148.]]
Accuracy Per Digit:
    Digit 0: 0.8318181818181818
    Digit 1: 0.8272727272727273
    Digit 2: 0.5590909090909091
    Digit 3: 0.6136363636363636
    Digit 4: 0.6818181818181818
    Digit 5: 0.6318181818181818
    Digit 6: 0.5681818181818182
    Digit 7: 0.5272727272727272
    Digit 8: 0.9727272727272728
    Digit 9: 0.6727272727272727
Total Accuracy: 0.6886363636363636

Results for Clusters = Phonemes + Transitions:
Confusion Matrix:
[[189.   1.   1.  14.   2.   0.   0.   5.   0.   8.]
 [  1. 183.   0.   6.  17.   4.   0.   2.   4.   3.]
 [  2.   1. 115.  52.   3.   2.   0.   8.  28.   9.]
 [  9.   3.   8. 162.  19.   2.   1.   7.   8.   1.]
 [  8.   6.   0.  11. 184.   0.   0.  11.   0.   0.]
 [  9.   0.   0.   3.   6. 135.   0.  66.   0.   1.]
 [ 93.   0.   4.   2.   0.  10.  86.   2.   0.  23.]
 [ 22.   1.   0.   0.  86.   2.   0.  98.   9.   2.]
 [  0.   0.   6.   9.   0.   0.   0.   0. 205.   0.]
 [ 19.   0.   1.   0.   6.   2.   0.  66.   1. 125.]]
Accuracy Per Digit:
    Digit 0: 0.8590909090909091
    Digit 1: 0.8318181818181818
    Digit 2: 0.5227272727272727
    Digit 3: 0.7363636363636363
    Digit 4: 0.8363636363636363
    Digit 5: 0.6136363636363636
    Digit 6: 0.39090909090909093
    Digit 7: 0.44545454545454544
    Digit 8: 0.9318181818181818
    Digit 9: 0.5681818181818182
Total Accuracy: 0.6736363636363636