Results for 5 Clusters:
Confusion Matrix:
[[200.   1.   0.   6.   0.   0.   0.  12.   0.   1.]
 [  8. 193.   0.   9.   2.   0.   0.   0.   6.   2.]
 [ 35.   0. 143.  11.   0.  15.   2.   2.  11.   1.]
 [ 13.   0.   2. 195.   2.   0.   0.   4.   3.   1.]
 [ 13.   2.   0.   0. 204.   0.   0.   0.   0.   1.]
 [  6.   0.   0.   2.   3. 167.   0.  18.   1.  23.]
 [ 59.   0.   3.   3.   0.   0. 137.   1.   0.  17.]
 [ 12.   3.   0.   3.  50.   5.   0. 139.   3.   5.]
 [ 35.   0.   0.   3.   0.   0.   0.   0. 182.   0.]
 [  0.   0.   0.   7.   0.   8.   5.   4.   0. 196.]]
Accuracy Per Digit:
    Digit 0: 0.9090909090909091
    Digit 1: 0.8772727272727273
    Digit 2: 0.65
    Digit 3: 0.8863636363636364
    Digit 4: 0.9272727272727272
    Digit 5: 0.759090909090909
    Digit 6: 0.6227272727272727
    Digit 7: 0.6318181818181818
    Digit 8: 0.8272727272727273
    Digit 9: 0.8909090909090909
Total Accuracy: 0.7981818181818182

Results for Clusters = Phonemes:
Confusion Matrix:
[[200.   1.   0.   4.   0.   1.   0.  13.   0.   1.]
 [  8. 199.   0.   4.   0.   0.   0.   4.   0.   5.]
 [ 40.   0. 132.   4.   0.  24.   4.   1.  11.   4.]
 [ 23.   1.   1. 167.   0.   0.   0.  20.   7.   1.]
 [ 13.   2.   0.   0. 193.   0.   0.   6.   0.   6.]
 [  4.   0.   0.   0.   1. 163.   0.  20.   1.  31.]
 [ 58.   0.   0.   0.   0.   0. 139.   1.   0.  22.]
 [ 13.   4.   0.   1.  34.   2.   0. 150.   5.  11.]
 [ 44.   0.   1.   0.   0.   0.   0.   0. 175.   0.]
 [  0.   0.   0.   0.   0.   9.   9.   5.   0. 197.]]
Accuracy Per Digit:
    Digit 0: 0.9090909090909091
    Digit 1: 0.9045454545454545
    Digit 2: 0.6
    Digit 3: 0.759090909090909
    Digit 4: 0.8772727272727273
    Digit 5: 0.740909090909091
    Digit 6: 0.6318181818181818
    Digit 7: 0.6818181818181818
    Digit 8: 0.7954545454545454
    Digit 9: 0.8954545454545455
Total Accuracy: 0.7795454545454545

Results for Clusters = Phonemes + Transitions:
Confusion Matrix:
[[207.   0.   1.   3.   0.   0.   0.   9.   0.   0.]
 [  8. 194.   0.   4.   6.   0.   0.   2.   3.   3.]
 [ 38.   0. 137.   8.   0.   9.   7.   3.  16.   2.]
 [ 13.   0.   0. 188.   9.   0.   0.   5.   5.   0.]
 [ 13.   2.   0.   0. 203.   0.   0.   1.   0.   1.]
 [  2.   0.   0.   1.   1. 167.   1.  19.   3.  26.]
 [ 64.   0.   3.   6.   0.   0. 123.   2.   0.  22.]
 [ 12.   3.   0.   3.  46.   5.   0. 146.   3.   2.]
 [ 37.   0.   0.   3.   0.   0.   0.   0. 180.   0.]
 [  1.   0.   1.   5.   3.   7.   7.   8.   3. 185.]]
Accuracy Per Digit:
    Digit 0: 0.9409090909090909
    Digit 1: 0.8818181818181818
    Digit 2: 0.6227272727272727
    Digit 3: 0.8545454545454545
    Digit 4: 0.9227272727272727
    Digit 5: 0.759090909090909
    Digit 6: 0.5590909090909091
    Digit 7: 0.6636363636363637
    Digit 8: 0.8181818181818182
    Digit 9: 0.8409090909090909
Total Accuracy: 0.7863636363636364