Results for 5 Clusters:
Confusion Matrix:
[[210.   0.   0.   5.   1.   0.   0.   2.   0.   2.]
 [ 10. 175.   0.   6.   0.   6.   0.   5.  16.   2.]
 [ 61.   0. 118.   3.   0.  12.   6.   0.  19.   1.]
 [ 42.   0.   0. 152.   0.   0.   0.   8.  18.   0.]
 [ 15.   0.   0.   0. 204.   0.   0.   1.   0.   0.]
 [ 11.   0.   0.   0.   6. 163.   0.  26.   0.  14.]
 [115.   0.   1.   4.   0.   0.  50.   0.   0.  50.]
 [ 17.   0.   0.   8.  66.   2.   0. 116.   5.   6.]
 [ 70.   0.   0.   0.   0.   0.   0.   0. 150.   0.]
 [  0.   0.   0.   7.   0.   0.   0.   4.   1. 208.]]
Accuracy Per Digit:
    Digit 0: 0.9545454545454546
    Digit 1: 0.7954545454545454
    Digit 2: 0.5363636363636364
    Digit 3: 0.6909090909090909
    Digit 4: 0.9272727272727272
    Digit 5: 0.740909090909091
    Digit 6: 0.22727272727272727
    Digit 7: 0.5272727272727272
    Digit 8: 0.6818181818181818
    Digit 9: 0.9454545454545454
Total Accuracy: 0.7027272727272728

Results for Clusters = Phonemes:
Confusion Matrix:
[[208.   0.   0.   0.   0.   1.   0.   5.   0.   6.]
 [ 12. 181.   0.   0.   0.   6.   0.   8.   4.   9.]
 [ 87.   0.  26.   9.   0.  37.  14.   0.  27.  20.]
 [ 70.   2.   0. 110.   0.   0.   0.  20.  17.   1.]
 [ 15.   0.   0.   0. 131.   1.   0.  67.   0.   6.]
 [  8.   0.   0.   0.   0. 162.   0.  37.   0.  13.]
 [121.   0.   0.   0.   0.   0.  54.   0.   0.  45.]
 [ 19.   0.   0.   1.  23.   4.   0. 155.   5.  13.]
 [ 90.   0.   0.   0.   0.   0.   0.   0. 130.   0.]
 [  2.   0.   0.   1.   0.   0.   0.  29.   0. 188.]]
Accuracy Per Digit:
    Digit 0: 0.9454545454545454
    Digit 1: 0.8227272727272728
    Digit 2: 0.11818181818181818
    Digit 3: 0.5
    Digit 4: 0.5954545454545455
    Digit 5: 0.7363636363636363
    Digit 6: 0.24545454545454545
    Digit 7: 0.7045454545454546
    Digit 8: 0.5909090909090909
    Digit 9: 0.8545454545454545
Total Accuracy: 0.6113636363636363

Results for Clusters = Phonemes + Transitions:
Confusion Matrix:
[[210.   0.   0.   2.   0.   0.   0.   6.   0.   2.]
 [ 10. 186.   0.   0.   5.   2.   0.   4.  11.   2.]
 [ 67.   0.  97.   9.   0.   9.   7.   0.  29.   2.]
 [ 33.   0.   0. 149.  11.   0.   0.   3.  24.   0.]
 [ 15.   0.   0.   0. 198.   0.   0.   5.   2.   0.]
 [  5.   0.   0.   1.   5. 166.   0.  26.   1.  16.]
 [113.   0.   0.  22.   0.   1.  50.   0.   0.  34.]
 [ 16.   0.   0.   3.  59.   0.   0. 133.   8.   1.]
 [ 72.   0.   0.   0.   0.   0.   0.   0. 148.   0.]
 [  2.   0.   0.   7.   3.   2.   0.  11.   5. 190.]]
Accuracy Per Digit:
    Digit 0: 0.9545454545454546
    Digit 1: 0.8454545454545455
    Digit 2: 0.4409090909090909
    Digit 3: 0.6772727272727272
    Digit 4: 0.9
    Digit 5: 0.7545454545454545
    Digit 6: 0.22727272727272727
    Digit 7: 0.6045454545454545
    Digit 8: 0.6727272727272727
    Digit 9: 0.8636363636363636
Total Accuracy: 0.6940909090909091