Results for 5 Clusters:
Confusion Matrix:
[[ 18.   0.   0.   0.   0.   0. 202.   0.   0.   0.]
 [ 58.  94.   0.   0.   0.   0.  68.   0.   0.   0.]
 [109.   1.  70.   0.   0.   0.  40.   0.   0.   0.]
 [158.  11.   7.   0.   0.   0.  44.   0.   0.   0.]
 [133.  14.   0.   0.   0.   0.  65.   3.   0.   5.]
 [ 38.   0.   0.   0.   0.   0. 182.   0.   0.   0.]
 [161.   0.   0.   0.   0.   0.  59.   0.   0.   0.]
 [ 81.   5.   0.   0.   0.   0. 131.   3.   0.   0.]
 [199.   4.  17.   0.   0.   0.   0.   0.   0.   0.]
 [ 20.   0.   1.   0.   0.   0. 195.   0.   0.   4.]]
Accuracy Per Digit:
    Digit 0: 0.08181818181818182
    Digit 1: 0.42727272727272725
    Digit 2: 0.3181818181818182
    Digit 3: 0.0
    Digit 4: 0.0
    Digit 5: 0.0
    Digit 6: 0.2681818181818182
    Digit 7: 0.013636363636363636
    Digit 8: 0.0
    Digit 9: 0.01818181818181818
Total Accuracy: 0.11272727272727273

Results for Clusters = Phonemes:
Confusion Matrix:
[[ 19.   0.   0.   0.   0.   0. 201.   0.   0.   0.]
 [ 70.  65.   0.   0.   0.   0.  85.   0.   0.   0.]
 [139.   0.   4.   0.   0.   0.  77.   0.   0.   0.]
 [166.   3.   1.   0.   0.   0.  50.   0.   0.   0.]
 [144.   8.   0.   0.   0.   0.  60.   6.   0.   2.]
 [ 42.   0.   0.   0.   0.   0. 178.   0.   0.   0.]
 [167.   0.   0.   0.   0.   0.  53.   0.   0.   0.]
 [ 80.   3.   0.   0.   0.   0. 134.   3.   0.   0.]
 [203.   1.  15.   0.   0.   0.   1.   0.   0.   0.]
 [ 22.   0.   0.   0.   0.   0. 194.   0.   0.   4.]]
Accuracy Per Digit:
    Digit 0: 0.08636363636363636
    Digit 1: 0.29545454545454547
    Digit 2: 0.01818181818181818
    Digit 3: 0.0
    Digit 4: 0.0
    Digit 5: 0.0
    Digit 6: 0.2409090909090909
    Digit 7: 0.013636363636363636
    Digit 8: 0.0
    Digit 9: 0.01818181818181818
Total Accuracy: 0.06727272727272728

Results for Clusters = Phonemes + Transitions:
Confusion Matrix:
[[ 20.   1.   3.   0.   0.   0. 195.   0.   0.   1.]
 [ 46. 132.   0.   0.   0.   0.  42.   0.   0.   0.]
 [102.   2.  96.   0.   0.   0.  20.   0.   0.   0.]
 [147.  17.  38.   0.   0.   0.  18.   0.   0.   0.]
 [121.  16.   0.   0.   0.   0.  32.   7.   0.  44.]
 [ 40.   1.   1.   0.   0.   5. 167.   0.   0.   6.]
 [153.   0.   0.   0.   0.   0.  67.   0.   0.   0.]
 [ 75.  19.   0.   0.   0.   0.  98.  12.   0.  16.]
 [192.   3.  25.   0.   0.   0.   0.   0.   0.   0.]
 [ 18.   0.   2.   0.   0.   0. 154.   0.   0.  46.]]
Accuracy Per Digit:
    Digit 0: 0.09090909090909091
    Digit 1: 0.6
    Digit 2: 0.43636363636363634
    Digit 3: 0.0
    Digit 4: 0.0
    Digit 5: 0.022727272727272728
    Digit 6: 0.30454545454545456
    Digit 7: 0.05454545454545454
    Digit 8: 0.0
    Digit 9: 0.20909090909090908
Total Accuracy: 0.17181818181818181